4294967278,65
4294967278,64
4294967278,63
4294967278,62
4294967278,60
4294967278,59
4294967278,58
4294967278,57
4294967278,56
4294967279,61
4294967279,60
4294967279,59
4294967279,58
4294967279,57
4294967279,56
4294967279,55
4294967279,53
4294967293,131
4294967293,130
4294967293,129
4294967293,128
4294967293,127
4294967293,126
4294967293,125
4294967293,124
4294967293,123
4294967293,122
4294967293,121
4294967293,120
4294967293,119
4294967293,118
4294967293,117
4294967293,116
4294967293,115
4294967293,114
4294967293,113
4294967293,112
4294967293,111
4294967293,110
4294967293,109
4294967293,108
4294967293,107
4294967293,106
4294967293,105
4294967293,104
4294967293,103
4294967293,102
4294967293,101
4294967293,100
4294967293,99
4294967293,98
4294967293,97
4294967293,96
4294967293,95
4294967293,94
4294967293,93
4294967293,92
4294967293,91
4294967293,90
4294967293,89
4294967293,87
4294967293,86
4294967293,85
4294967293,84
4294967293,83
4294967293,82
4294967293,81
4294967293,80
4294967293,79
4294967293,78
4294967293,77
4294967293,76
4294967293,75
4294967293,74
4294967293,73
4294967293,72
4294967293,71
4294967293,70
4294967293,69
4294967293,68
4294967293,67
4294967293,66
4294967293,65
4294967293,64
4294967293,63
4294967293,62
4294967293,61
4294967293,60
4294967293,59
4294967293,58
4294967293,57
4294967293,56
4294967293,55
4294967293,54
4294967293,53
4294967293,52
4294967293,51
4294967293,50
4294967293,49
4294967293,48
4294967293,47
4294967293,46
4294967293,45
4294967293,44
4294967293,43
4294967293,42
4294967293,41
4294967293,40
4294967293,39
4294967293,38
4294967293,37
4294967293,36
4294967293,35
4294967293,34
4294967293,33
4294967293,32
4294967293,31
4294967293,30
4294967293,29
4294967293,28
4294967293,27
4294967293,26
4294967293,25
4294967293,24
4294967293,23
4294967293,22
4294967293,21
4294967293,20
4294967293,19
4294967293,18
4294967293,17
4294967293,16
4294967293,15
4294967293,14
4294967293,13
4294967293,12
4294967293,11
4294967293,10
4294967293,9
4294967293,8
4294967293,7
4294967293,6
4294967293,5
4294967293,4
4294967293,3
4294967278,99
4294967278,87
4294967278,86
4294967278,85
4294967278,84
4294967278,82
4294967278,81
4294967278,79
4294967278,78
4294967278,76
4294967278,75
4294967278,74
4294967278,73
4294967278,329
4294967278,51
4294967278,328
4294967278,50
4294967278,327
4294967278,49
4294967278,326
4294967278,48
4294967278,47
4294967278,46
4294967278,45
4294967278,320
4294967278,42
4294967278,319
4294967278,41
4294967278,40
4294967278,318
4294967278,39
4294967278,38
4294967278,37
4294967278,36
4294967278,35
4294967278,314
4294967278,34
4294967278,313
4294967278,33
4294967278,32
4294967278,31
4294967278,30
4294967278,29
4294967278,309
4294967278,28
4294967278,27
4294967278,26
4294967278,25
4294967278,24
4294967278,23
4294967278,22
4294967278,21
4294967278,20
4294967278,19
4294967278,18
4294967278,17
4294967278,16
4294967278,15
4294967278,14
4294967278,13
4294967278,12
4294967278,11
4294967278,10
4294967278,0
4294967278,260
4294967279,115
4294967279,114
4294967279,100
4294967279,93
4294967279,92
4294967279,72
4294967279,69
4294967279,66
4294967279,65
4294967279,64
4294967279,63
4294967279,62
4294967279,54
4294967279,392
4294967279,390
4294967279,51
4294967279,389
4294967279,50
4294967279,299
4294967279,49
4294967279,388
4294967279,48
4294967279,47
4294967279,46
4294967279,43
4294967279,385
4294967279,42
4294967279,41
4294967279,136
4294967279,40
4294967279,38
4294967279,37
4294967279,35
4294967279,316
4294967279,34
4294967279,312
4294967279,29
4294967279,28
4294967279,23
4294967279,174
4294967279,0
4294967279,260
4294967278,193
4294967294,1425
4294967294,6
4294967294,1424
4294967294,7
4294967294,50
4294967294,478
4294967294,36
4294967294,39
4294967294,113
4294967294,161
4294967294,1046
4294967294,81
4294967294,1049
4294967294,1048
4294967294,14
4294967294,20
4294967294,126
4294967294,11
4294967294,1434
4294967294,5
4294967294,68
4294967294,127
4294967294,18
4294967294,12
4294967294,13
4294967294,474
4294967294,22
4294967294,17
4294967294,42
4294967294,67
4294967294,76
4294967294,41
4294967294,471
4294967294,1427
4294967294,1153
4294967294,1449
4294967294,1158
4294967294,1457
4294967294,990
4294967294,1017
4294967294,1432
4294967294,1420
4294967294,480
4294967294,2233
4294967294,1448
4294967294,1154
4294967294,46
4294967294,2
4294967294,1699
4294967294,1700
4294967294,387
4294967294,415
4294967294,115
4294967294,424
4294967294,99
1,0
4294967294,1428
4294967294,24
4294967294,496
4294967294,1435
4294967294,104
4294967294,106
4294967294,107
4294967294,1442
4294967294,1
4294967294,1446
4294967294,1437
4294967294,300
4294967294,299
4294967294,296
4294967294,295
4294967294,294
4294967294,293
4294967294,291
4294967294,289
4294967294,288
4294967294,157
4294967294,286
4294967294,156
4294967294,284
4294967294,283
4294967294,282
4294967294,281
4294967294,279
4294967294,278
4294967294,276
4294967294,275
4294967294,274
4294967294,273
4294967294,272
4294967294,270
4294967294,268
4294967294,266
4294967294,132
4294967294,262
4294967294,257
4294967294,637
4294967294,254
4294967294,253
4294967294,153
4294967294,250
4294967294,248
4294967294,151
4294967294,246
4294967294,243
4294967294,139
4294967294,242
4294967294,239
4294967294,237
4294967294,235
4294967294,232
4294967294,230
4294967294,229
4294967294,227
4294967294,225
4294967294,222
4294967294,220
4294967294,219
4294967294,218
4294967294,217
4294967294,215
4294967294,627
4294967294,214
4294967294,213
4294967294,212
4294967294,128
4294967294,148
4294967294,150
4294967294,208
4294967294,207
4294967294,206
4294967294,205
4294967294,203
4294967294,201
4294967294,200
4294967294,199
4294967294,198
4294967294,197
4294967294,72
4294967294,71
4294967294,195
4294967294,70
4294967294,194
4294967294,831
4294967294,829
4294967294,828
4294967294,826
4294967294,825
4294967294,823
4294967294,821
4294967294,820
4294967294,819
4294967294,816
4294967294,813
4294967294,812
4294967294,809
4294967294,808
4294967294,805
4294967294,804
4294967294,803
4294967294,801
4294967294,799
4294967294,794
4294967294,792
4294967294,791
4294967294,787
4294967294,785
4294967294,147
4294967294,782
4294967294,781
4294967294,780
4294967294,777
4294967294,773
4294967294,772
4294967294,771
4294967294,770
4294967294,768
4294967294,766
4294967294,765
4294967294,763
4294967294,762
4294967294,761
4294967294,760
4294967294,759
4294967294,758
4294967294,756
4294967294,755
4294967294,754
4294967294,752
4294967294,751
4294967294,750
4294967294,749
4294967294,747
4294967294,746
4294967294,745
4294967294,744
4294967294,742
4294967294,741
4294967294,740
4294967294,138
4294967294,739
4294967294,736
4294967294,735
4294967294,734
4294967294,733
4294967294,726
4294967294,725
4294967294,723
4294967294,722
4294967294,721
4294967294,719
4294967294,718
4294967294,715
4294967294,714
4294967294,713
4294967294,711
4294967294,707
4294967294,706
4294967294,136
4294967294,703
4294967294,702
4294967294,701
4294967294,698
4294967294,697
4294967294,696
4294967294,695
4294967294,688
4294967294,687
4294967294,686
4294967294,685
4294967294,684
4294967294,683
4294967294,682
4294967294,677
4294967294,673
4294967294,671
4294967294,670
4294967294,666
4294967294,665
4294967294,662
4294967294,656
4294967294,654
4294967294,653
4294967294,651
4294967294,649
4294967294,648
4294967294,646
4294967294,644
4294967294,643
4294967294,642
4294967294,640
4294967294,635
4294967294,634
4294967294,631
4294967294,625
4294967294,622
4294967294,620
4294967294,619
4294967294,618
4294967294,628
4294967294,616
4294967294,615
4294967294,130
4294967294,611
4294967294,154
4294967294,134
4294967294,608
4294967294,152
4294967294,131
4294967294,141
4294967294,638
4294967294,603
4294967294,140
4294967294,211
4294967294,149
4294967294,814
4294967294,146
4294967294,811
4294967294,137
4294967294,728
4294967294,727
4294967294,142
4294967294,1766
4294967294,1764
4294967294,1160
4294967294,1759
4294967294,1697
4294967294,1696
4294967294,1695
4294967279,470
4294967278,414
4294967279,472
4294967279,471
4294967279,275
4294967278,415
4294967279,473
4294967294,428
4294967294,595
4294967294,1053
4294967294,874
4294967294,91
4294967294,90
4294967294,88
4294967294,87
4294967294,86
4294967294,1159
4294967294,1780
4294967294,84
4294967294,83
4294967294,29
4294967294,28
4294967294,27
4294967294,25
4294967294,26
4294967294,53
4294967294,51
4294967294,52
4294967294,45
4294967294,44
4294967294,43
4294967294,82
4294967294,3
4294967294,1694
4294967294,1055
4294967294,1775
4294967294,1776
4294967294,1692
4294967294,1422
4294967294,2226
4294967294,1876
4294967294,1693
4294967294,1765
4294967294,1691
4294967294,832
4294967294,2221
4294967294,1690
4294967294,1689
4294967294,1453
4294967294,890
4294967294,880
4294967294,1881
4294967294,835
4294967294,1688
4294967294,1215
4294967294,1872
4294967294,1054
4294967294,888
4294967294,889
4294967294,1687
4294967294,1686
4294967294,1735
4294967294,1022
4294967294,1685
4294967294,1762
4294967294,848
4294967294,876
4294967294,877
4294967279,239
4294967279,469
4294967279,468
4294967278,413
4294967279,467
4294967278,412
4294967279,310
4294967279,243
4294967278,410
4294967279,303
4294967278,409
4294967278,408
4294967278,292
4294967278,407
4294967279,465
4294967279,311
4294967278,308
4294967278,411
4294967278,406
4294967279,466
4294967279,461
4294967294,125
4294967294,1684
4294967294,1758
4294967294,1156
4294967294,1754
4294967294,1683
4294967294,1682
4294967294,1681
4294967294,878
4294967294,1753
4294967294,1680
4294967294,1752
4294967294,1755
4294967294,1748
4294967294,884
4294967294,1750
4294967294,411
4294967294,1751
4294967294,1676
4294967294,1742
4294967294,1738
4294967294,1675
4294967294,1743
4294967294,1741
4294967294,1744
4294967294,456
4294967294,577
4294967294,1728
4294967294,1672
4294967294,1733
4294967294,1671
4294967294,1731
4294967294,421
4294967294,1734
4294967294,392
4294967294,601
4294967294,0
4294967294,879
4294967294,1667
4294967294,1464
4294967294,1747
4294967294,389
4294967294,600
4294967294,1665
4294967294,1664
4294967294,442
4294967294,591
4294967294,430
4294967294,893
4294967294,8
4294967294,120
4294967294,1594
4294967294,1593
4294967294,1592
4294967294,1591
4294967294,1590
4294967294,1588
4294967294,1589
4294967294,1587
4294967294,1586
4294967294,1585
4294967294,1584
4294967294,1583
4294967294,1582
4294967294,1581
4294967294,1580
4294967294,1579
4294967294,1578
4294967294,395
4294967294,1155
4294967294,2234
4294967279,302
4294967278,405
4294967279,464
4294967278,400
4294967278,399
4294967279,458
4294967279,463
4294967279,462
4294967279,457
4294967278,404
4294967278,403
